1.000000 0.930601 0.636719 0.721094 0.098438 0.207813
1.000000 0.912625 0.517969 0.380469 0.060938 0.110937
1.000000 0.844600 0.699219 0.167969 0.026563 0.020312
1.000000 0.839961 0.739844 0.252344 0.042188 0.051562
1.000000 0.832362 0.739844 0.249219 0.026563 0.032812
1.000000 0.730338 0.114844 0.271094 0.042188 0.051562
2.000000 0.921171 0.221094 0.202344 0.045313 0.045313
2.000000 0.917936 0.167969 0.230469 0.042188 0.042188
2.000000 0.875118 0.261719 0.174219 0.035937 0.045313
2.000000 0.854854 0.009375 0.371094 0.018750 0.092188
2.000000 0.847468 0.308594 0.139844 0.020312 0.026563
2.000000 0.842555 0.546094 0.199219 0.026563 0.032812
2.000000 0.719993 0.121094 0.249219 0.054688 0.054688
2.000000 0.666555 0.362500 0.127344 0.025000 0.029687
