0.000000 0.798761 0.889844 0.333594 0.017188 0.042188
0.000000 0.778771 0.877344 0.346094 0.020312 0.054688
0.000000 0.756981 0.958594 0.536719 0.045313 0.110937
0.000000 0.714225 0.890625 0.333594 0.025000 0.067188
0.000000 0.583239 0.884375 0.299219 0.025000 0.051562
0.000000 0.530198 0.880469 0.330469 0.020312 0.042188
0.000000 0.527818 0.967969 0.521094 0.032812 0.092188
0.000000 0.481307 0.805469 0.255469 0.020312 0.042188
1.000000 0.920804 0.542969 0.536719 0.076563 0.126563
1.000000 0.826960 0.696094 0.164844 0.026563 0.026563
1.000000 0.719993 0.730469 0.192969 0.017188 0.026563
1.000000 0.539567 0.805469 0.255469 0.023438 0.051562
2.000000 0.956633 0.746094 0.764844 0.164062 0.235938
2.000000 0.950194 0.614844 0.317969 0.098438 0.085938
2.000000 0.925321 0.089844 0.283594 0.067188 0.060938
2.000000 0.917936 0.180469 0.271094 0.042188 0.054688
2.000000 0.900937 0.102344 0.242969 0.042188 0.042188
2.000000 0.894681 0.055469 0.271094 0.073437 0.054688
2.000000 0.883847 0.158594 0.246094 0.054688 0.054688
2.000000 0.877865 0.302344 0.149219 0.026563 0.026563
2.000000 0.876064 0.239844 0.221094 0.032812 0.042188
2.000000 0.870968 0.177344 0.224219 0.042188 0.032812
2.000000 0.847774 0.327344 0.130469 0.026563 0.026563
2.000000 0.832362 0.130469 0.217969 0.042188 0.042188
2.000000 0.811518 0.230469 0.205469 0.032812 0.032812
3.000000 0.400983 0.058594 0.136719 0.067188 0.045313
